1,2,3,4,5,6,7,8,9,10,11,12,13,14,15,16,17,18,19,20
2,3,4,5,6,7,8,9,10,11,12,13,14,15,16,17,18,19,20,21
3,4,5,6,7,8,9,10,11,12,13,14,15,16,17,18,19,20,21,22
4,5,6,7,8,9,10,11,12,13,14,15,16,17,18,19,20,21,22,23
5,6,7,8,9,10,11,12,13,14,15,16,17,18,19,20,21,22,23,24
6,7,8,9,10,11,12,13,14,15,16,17,18,19,20,21,22,23,24,25
7,8,9,10,11,12,13,14,15,16,17,18,19,20,21,22,23,24,25,26
8,9,10,11,12,13,14,16,17,18,19,20,21,22,23,24,25,26,27,28
9,11,12,13,14,15,16,17,18,19,20,21,22,23,24,25,26,27,29,30
10,11,12,13,14,15,16,18,20,21,22,23,24,25,26,27,28,29,30,31
11,12,13,14,15,16,17,18,19,20,21,22,23,24,25,26,27,29,31,32
12,13,14,15,16,17,18,19,20,21,22,24,25,26,27,28,29,30,32,33
13,14,15,16,17,18,19,20,21,22,23,25,26,27,28,29,30,31,32,34
14,15,16,17,18,19,20,21,22,23,24,25,26,27,29,30,31,32,33,35
15,16,17,19,20,21,22,23,24,25,26,27,29,30,31,32,33,34,35,36
16,18,19,20,21,22,23,24,25,26,27,28,29,30,31,32,33,34,35,37
17,18,20,22,23,24,25,26,27,28,29,30,31,32,33,34,35,36,37,38
18,19,20,21,23,24,25,26,27,28,29,30,31,32,33,34,36,37,38,39
19,20,21,22,23,24,25,27,28,29,30,31,32,33,34,35,36,38,39,40
20,21,22,23,24,25,26,28,29,30,31,32,33,34,35,36,37,38,39,40
21,22,23,24,26,27,28,29,30,31,32,33,34,35,36,37,38,39,40,41
22,23,24,25,26,27,28,29,30,31,32,33,34,35,36,39,40,41,42,43
23,24,25,26,27,28,29,30,31,32,33,35,36,38,39,41,42,43,44,45
24,25,28,29,30,31,32,33,34,36,37,38,39,40,41,42,43,44,45,46
25,26,27,28,29,30,31,32,33,34,35,36,38,39,41,42,43,45,46,47
26,28,29,31,32,33,34,35,36,37,39,40,41,42,43,44,45,46,47,48
27,28,30,31,32,33,34,36,37,38,40,41,42,43,44,45,46,47,48,49
28,29,30,32,33,34,35,36,37,38,40,41,42,43,44,45,46,47,48,50
29,30,31,32,33,35,36,37,38,39,40,41,42,43,46,47,48,49,50,51
30,31,32,33,34,35,36,37,38,40,41,42,44,45,46,47,48,49,50,51
31,32,33,34,35,36,37,38,40,41,42,43,45,46,47,48,49,50,52,53
32,33,35,36,37,38,39,40,41,42,43,46,47,48,49,50,51,52,53,54
33,35,36,37,38,39,40,41,43,44,45,46,47,48,49,50,51,53,54,55
34,35,37,38,39,40,41,42,43,44,45,46,47,48,50,51,52,53,55,56
35,36,37,38,39,40,41,42,43,44,45,46,47,49,50,51,52,53,54,57
36,37,39,40,41,42,45,46,47,48,49,50,51,52,53,54,55,56,57,58
37,38,40,41,42,43,44,45,47,48,49,50,51,52,53,54,55,56,57,59
38,39,40,41,42,43,44,45,46,47,48,51,52,53,54,55,56,57,58,59
39,40,42,43,44,45,46,47,48,49,50,51,52,53,54,55,57,59,60,61
40,41,42,43,44,45,47,49,50,51,52,53,54,55,56,57,58,60,61,62
41,42,43,44,45,46,49,51,52,53,54,55,56,57,58,59,60,61,62,63
42,43,45,46,47,48,49,50,52,53,54,55,56,57,58,59,60,61,62,64
43,44,45,46,47,49,50,52,53,54,55,56,58,59,60,61,62,63,64,65
44,45,46,47,48,49,50,51,53,54,55,56,57,58,59,60,61,63,64,65
45,47,48,49,50,51,52,53,54,55,56,57,58,59,60,61,62,63,64,65
46,47,48,49,50,51,52,53,54,55,56,57,58,59,60,62,63,64,66,67
47,48,49,51,52,53,55,56,57,59,60,61,62,63,64,65,66,68,67,69
48,49,50,51,52,53,54,55,56,57,58,60,61,62,63,65,66,68,67,69
49,50,51,52,53,55,56,57,58,59,60,62,63,64,65,66,68,69,70,71
50,51,52,53,54,55,57,58,59,60,61,62,64,66,68,67,69,70,71,72
51,52,53,54,55,56,57,58,59,60,61,62,63,64,65,68,67,71,72,73
52,53,55,56,57,59,60,61,62,63,64,65,68,67,69,70,71,72,73,74
53,54,55,56,58,59,60,61,63,64,65,66,68,67,69,71,72,73,74,75
54,55,56,57,58,59,60,61,64,65,66,68,67,69,70,71,72,73,74,75
55,56,57,58,59,60,61,62,63,64,65,66,67,69,71,72,73,74,75,76
56,57,58,60,61,62,63,64,65,66,68,67,69,70,71,72,74,75,76,77
57,58,59,61,63,64,65,66,68,67,69,70,71,72,73,74,75,76,77,78
58,59,60,61,62,63,64,65,68,67,70,71,72,73,74,75,76,77,78,79
59,60,62,63,64,65,66,68,67,69,70,71,72,73,74,75,76,78,79,80
60,61,62,65,66,68,67,69,70,71,72,73,74,75,76,77,78,79,80,81
61,62,63,64,65,66,68,67,69,70,71,72,73,76,77,78,79,80,81,82
62,63,64,65,66,68,67,69,70,71,73,74,75,76,77,78,79,81,82,83
63,64,66,68,67,69,70,71,72,73,74,75,76,77,78,79,80,82,83,84
64,65,66,68,69,70,71,72,73,74,75,76,77,78,79,80,81,82,83,84
65,66,67,70,71,72,73,74,75,76,77,78,79,80,81,82,83,84,85,86
66,68,67,69,70,71,72,73,74,75,76,77,78,79,80,82,83,84,85,86
68,67,69,70,71,72,73,74,75,76,77,78,79,80,81,82,83,84,85,86
67,69,71,72,73,74,75,76,77,78,79,80,81,82,83,84,85,86,87,88
69,70,71,72,73,74,75,76,77,78,79,80,81,82,83,85,86,87,88,89
70,71,73,74,75,76,77,78,79,80,81,82,83,84,85,86,87,88,89,90
71,72,73,74,75,76,77,78,80,81,82,83,84,85,86,87,88,89,90,91
72,73,74,75,76,77,78,79,80,81,82,83,84,85,86,87,88,89,90,91
73,74,76,77,78,79,80,81,82,83,84,85,86,87,88,89,90,91,92,93
74,75,76,77,78,80,81,82,83,84,85,86,87,88,89,90,91,92,93,94
75,76,77,78,79,80,81,82,83,84,85,86,87,88,89,90,91,92,94,95
76,77,79,80,81,82,83,84,85,86,87,88,89,90,91,92,93,95,96,97
77,78,79,80,82,83,84,85,86,87,88,90,91,92,93,94,95,96,97,98
78,79,80,81,82,83,84,85,87,88,89,90,91,92,93,94,95,96,98,99
79,80,81,82,83,84,85,86,87,88,89,90,91,93,94,95,96,97,98,99
80,81,82,83,84,85,86,87,89,90,91,92,93,94,95,96,97,98,100,101
81,82,83,84,85,86,87,88,89,91,92,94,95,96,97,98,99,100,101,102
82,83,84,85,86,87,88,89,90,91,92,93,94,95,96,97,98,99,101,102
83,84,85,86,87,88,89,90,91,92,94,96,97,98,99,100,101,102,103,104
84,85,86,87,88,89,90,91,92,93,94,95,96,97,99,100,101,102,103,104
85,86,87,88,90,91,92,93,94,95,96,97,98,99,100,101,102,104,105,106
86,87,88,89,90,91,92,93,94,96,97,98,99,100,101,103,104,105,106,107
87,88,90,91,92,93,94,95,96,97,98,99,100,101,102,103,104,105,106,107
88,89,90,91,92,93,94,95,96,97,98,100,101,102,103,104,106,107,108,109
89,90,91,93,94,95,96,97,98,99,100,101,102,103,104,105,106,107,109,110
90,91,92,93,94,95,96,97,98,99,100,101,102,103,104,105,106,107,109,111
91,93,94,95,96,97,98,99,100,101,102,103,104,105,106,107,108,110,111,112
92,94,95,97,98,99,100,101,102,103,104,105,106,107,108,109,110,111,112,113
93,94,95,96,97,98,100,101,102,103,104,105,106,108,109,110,111,112,113,114
94,95,96,97,98,99,100,101,102,103,105,106,107,108,109,110,111,112,113,114
95,96,97,98,99,101,102,103,104,105,106,108,109,110,111,112,113,114,115,116
96,97,98,99,100,101,102,103,104,105,106,107,108,110,111,113,114,115,116,117
97,98,100,101,102,103,104,105,106,107,108,109,110,111,112,113,114,115,117,118
98,99,100,101,103,104,105,106,107,108,109,110,111,112,113,114,115,116,117,118
99,100,101,102,103,104,105,106,107,108,109,110,111,113,115,116,117,118,119,120
100,101,102,103,104,105,106,107,109,110,111,112,113,114,115,116,117,119,120,121
101,102,103,105,106,107,108,109,111,112,113,114,115,116,117,118,119,120,121,122
102,103,104,105,106,108,109,110,111,112,113,114,115,116,117,118,119,120,122,123
103,104,105,106,107,108,109,110,111,112,113,115,116,117,118,119,120,121,123,124
104,105,106,107,108,109,110,112,113,114,115,116,117,118,119,120,121,122,123,124
105,106,107,108,109,110,111,113,114,115,116,117,118,119,120,121,122,123,124,125
106,107,108,109,110,111,112,113,114,115,116,117,119,120,121,122,123,124,126,125
107,108,109,110,111,112,113,114,115,117,118,119,120,121,123,124,126,125,127,128
108,109,110,111,112,113,114,115,116,117,119,120,122,123,126,125,127,128,129,130
109,110,111,112,113,114,115,116,117,118,119,120,121,124,125,127,128,129,130,131
110,111,112,113,114,115,116,117,118,119,120,121,122,125,127,128,129,130,131,132
111,112,114,116,117,118,119,120,122,123,124,126,125,127,128,129,130,131,132,133
112,113,114,115,117,118,119,120,121,122,123,124,125,127,128,129,131,132,133,134
113,114,115,116,117,118,119,120,122,123,124,125,128,129,130,131,132,133,134,135
114,115,116,118,120,121,122,123,124,126,127,128,129,130,131,132,133,134,135,136
115,116,117,118,119,121,122,123,124,126,125,127,128,131,132,133,134,135,136,137
116,117,118,119,120,121,124,126,125,127,129,130,131,132,133,134,135,136,137,138
117,118,119,120,121,123,126,125,127,128,130,131,132,133,134,135,136,137,138,139
118,120,121,122,123,124,126,125,127,128,129,130,131,133,134,135,137,138,139,140
119,121,123,124,126,125,127,128,130,131,132,133,134,135,136,137,138,139,140,141
120,122,123,124,126,125,127,128,129,130,131,133,134,135,136,137,138,140,141,142
121,122,123,124,126,125,128,129,130,131,132,133,135,136,138,139,140,141,142,143
122,123,124,126,125,127,128,129,130,131,132,133,134,137,138,139,140,141,142,144
123,124,126,125,127,128,129,130,131,132,133,135,136,137,138,141,142,143,144,145
124,126,125,127,128,129,130,131,132,133,134,136,139,140,141,142,143,144,145,146
126,125,127,128,129,130,131,132,133,134,136,137,140,141,142,143,144,145,146,147
125,127,128,129,130,131,132,133,135,136,137,138,139,140,141,142,144,145,147,148
127,128,129,130,132,133,134,135,136,137,138,139,141,142,143,144,145,146,147,148
128,129,130,131,132,133,134,135,136,137,138,139,140,141,142,143,145,146,148,149
129,130,131,132,133,134,135,136,137,138,139,140,141,143,144,147,148,149,150,151
130,131,132,133,134,136,137,138,139,141,142,143,144,145,146,147,148,149,150,152
131,132,134,135,136,137,138,139,140,141,142,143,144,147,148,149,150,151,152,153
132,133,134,135,137,138,139,140,141,142,143,144,145,146,147,148,149,150,152,153
133,134,135,136,137,139,140,142,143,145,146,147,148,149,150,151,152,153,154,155
134,136,137,138,139,140,141,143,144,145,146,147,148,149,150,151,152,153,155,156
135,136,137,138,139,141,142,143,145,146,148,149,150,151,152,153,154,155,156,157
136,137,138,139,140,141,143,144,145,147,148,149,150,151,152,153,154,155,156,157
137,139,140,141,142,143,144,145,146,147,149,150,151,152,153,154,155,156,158,159
138,139,140,141,142,143,144,145,149,150,151,152,153,154,155,156,157,158,159,160
139,141,143,144,145,146,147,148,149,150,151,152,153,154,155,156,157,158,159,160
140,141,142,143,145,146,147,149,150,151,152,153,154,155,156,157,158,159,160,161
141,142,143,144,145,146,147,148,149,150,151,152,153,154,155,156,157,158,160,162
142,143,144,145,147,148,149,150,152,153,154,155,156,157,158,159,160,161,162,163
143,144,145,147,148,149,151,152,153,154,155,156,157,158,159,160,161,162,163,164
144,145,146,147,148,149,150,151,152,153,154,155,158,159,160,161,162,163,164,165
145,146,147,148,149,150,151,152,154,156,157,158,159,160,161,162,163,164,165,166
146,147,148,149,151,152,153,154,155,156,157,158,159,160,161,163,164,165,166,167
147,148,149,150,151,153,154,155,156,157,158,159,160,161,162,163,165,166,167,168
148,149,150,151,152,153,155,157,158,159,160,161,162,163,164,165,166,167,168,169
149,150,151,152,153,154,155,156,157,158,159,160,162,163,165,166,167,168,169,170
150,151,152,153,154,155,157,158,159,160,161,162,163,164,166,167,168,169,170,171
151,152,153,154,155,156,157,158,159,160,161,162,163,164,165,167,168,169,170,171
152,153,154,155,156,157,158,159,160,161,162,163,164,165,166,167,168,170,171,172
153,154,155,156,157,158,159,160,161,162,163,164,165,166,167,168,170,171,172,173
154,155,156,157,158,160,161,162,163,164,165,166,167,168,169,170,171,172,173,174
155,156,157,158,159,160,161,162,163,164,165,166,167,168,169,170,171,173,174,175
156,157,159,160,161,162,163,164,165,166,167,168,169,170,171,172,173,174,175,176
157,158,159,160,161,162,163,164,165,166,167,169,170,171,172,173,174,175,176,177
158,159,160,161,162,163,164,165,166,167,168,169,170,171,172,173,175,176,177,178
159,160,161,163,164,165,166,167,168,169,170,171,172,173,174,175,176,177,178,179
160,161,162,163,164,165,166,167,168,169,170,172,173,174,175,176,177,178,179,180
161,162,163,164,165,166,167,168,169,170,171,172,173,174,175,177,178,179,180,181
162,163,164,165,166,167,168,169,170,172,173,174,175,176,177,179,180,181,182,183
163,164,165,166,167,168,169,170,171,172,173,174,175,176,177,178,181,182,183,184
164,165,166,167,168,169,171,172,173,174,176,177,178,179,180,181,182,183,184,185
165,166,167,168,170,171,173,174,175,176,177,178,179,180,181,182,183,184,185,186
166,167,168,169,170,171,172,173,174,176,178,179,180,181,182,183,184,185,186,187
167,168,169,170,171,172,173,174,175,177,178,179,180,181,182,183,184,185,186,188
168,169,170,171,172,173,174,176,177,178,179,180,181,182,183,184,186,187,188,189
169,170,171,172,173,174,175,176,177,178,179,181,182,183,184,186,187,188,189,190
170,171,172,173,174,175,176,177,178,179,180,181,183,185,186,187,188,189,190,191
171,172,173,174,175,176,177,178,180,181,182,183,184,185,186,188,189,190,191,192
172,173,174,175,176,177,178,180,181,182,183,184,185,186,187,188,189,190,191,193
173,174,175,176,177,178,180,181,183,184,185,186,187,188,189,190,191,192,193,194
174,175,176,177,178,179,180,181,182,183,184,185,186,187,188,189,191,193,194,195
175,176,177,178,179,181,182,183,184,186,187,188,189,190,191,192,193,194,195,196
176,177,178,179,180,181,182,183,184,185,187,188,189,190,191,192,193,194,196,197
177,178,179,180,181,182,183,184,185,186,187,188,189,190,191,193,195,196,197,198
178,179,180,181,182,183,184,185,186,187,189,190,191,192,193,195,196,197,198,199
179,180,181,182,183,185,186,188,189,190,191,192,193,194,195,196,197,198,199,200
180,181,182,183,185,186,187,188,189,190,191,192,194,195,196,197,198,199,200,201
181,182,184,185,186,187,188,189,190,192,193,194,195,196,197,198,199,200,201,202
182,183,184,185,187,188,189,191,192,193,194,195,196,197,198,199,200,201,202,203
183,185,186,187,188,189,190,191,192,193,194,195,196,197,198,199,201,202,203,204
184,185,186,187,188,189,190,191,192,193,194,195,196,197,199,200,202,203,204,205
185,186,188,189,190,191,192,194,195,196,197,198,199,200,201,202,203,204,205,206
186,187,188,189,190,191,192,193,194,197,198,199,200,201,202,203,204,205,206,207
187,188,189,190,191,192,193,194,195,196,197,198,199,201,202,203,204,206,207,208
188,189,190,192,193,194,195,196,197,198,200,201,202,203,204,205,206,207,208,209
189,191,192,193,194,196,197,198,199,200,201,202,203,204,205,206,207,208,209,210
190,191,192,193,194,195,196,198,199,200,201,202,203,204,205,206,207,208,210,211
191,192,193,194,195,196,197,198,199,200,201,202,203,204,205,206,207,210,211,212
192,195,196,197,198,199,200,201,202,203,204,205,206,207,208,209,210,211,212,213
193,194,196,197,198,199,200,201,204,205,206,207,208,209,210,211,212,213,214,215
194,195,196,197,198,199,200,201,203,204,205,206,207,208,209,211,212,214,215,216
195,197,198,199,200,201,202,203,205,206,207,208,210,211,212,213,214,215,216,217
196,197,198,199,200,201,202,203,205,206,207,208,210,212,213,214,215,216,217,218
197,198,199,200,201,202,203,204,205,206,208,209,210,211,212,214,215,216,217,219
198,199,200,201,202,203,204,206,209,210,211,212,213,214,215,216,217,218,219,220
199,200,201,202,204,205,206,207,208,209,210,211,213,214,216,217,218,219,220,221
200,201,203,204,205,206,207,209,210,211,212,214,215,216,217,218,219,220,221,222
201,202,203,204,205,206,207,208,209,210,212,213,214,216,217,218,219,221,222,223
202,204,205,206,207,208,209,210,211,212,214,215,216,217,218,220,221,222,223,224
203,204,205,206,207,208,209,211,212,214,215,217,218,219,220,221,222,223,224,225
204,205,206,207,208,209,210,211,212,213,215,216,217,218,220,221,223,224,225,226
205,206,207,208,209,210,211,212,213,214,215,216,218,219,220,222,223,224,225,226
206,207,208,209,210,211,212,213,214,217,218,219,220,221,222,224,225,226,227,228
207,208,209,210,211,212,213,214,216,217,218,219,220,221,222,223,224,226,227,229
208,209,210,212,213,215,216,217,218,219,220,221,222,223,224,225,226,228,229,230
209,210,211,212,214,215,218,219,220,221,222,223,224,225,226,227,228,229,230,231
210,211,213,214,215,217,218,219,220,221,222,223,224,225,226,227,228,229,231,232
211,212,213,214,215,216,218,219,220,221,222,223,224,225,226,228,230,231,232,233
212,213,214,215,217,218,219,220,221,222,223,225,226,228,229,230,231,232,233,234
213,215,216,218,219,220,221,222,223,224,225,226,227,228,229,230,231,233,234,235
214,215,216,217,220,221,222,223,224,226,227,228,229,230,231,232,233,234,235,236
215,216,217,218,219,220,221,222,223,226,227,228,229,230,231,232,233,234,235,236
216,217,218,219,222,223,224,225,226,227,228,229,230,232,233,234,235,236,237,238
217,218,219,220,222,223,224,225,226,227,228,229,230,231,232,233,235,236,237,239
218,219,221,222,224,225,226,227,228,229,230,231,232,234,235,236,237,238,239,240
219,220,221,222,223,224,225,226,227,228,229,230,231,232,233,237,238,239,240,241
220,221,222,223,224,225,226,227,229,230,231,232,233,235,236,237,239,240,241,242
221,222,223,224,225,226,227,228,229,230,231,232,233,234,235,237,238,239,240,241
222,223,224,225,226,227,228,229,231,232,233,234,236,237,238,239,240,241,242,243
223,224,225,226,227,228,229,231,232,233,234,235,236,237,239,240,241,242,243,244
224,225,226,227,228,229,231,232,233,234,235,236,237,238,239,240,241,242,243,244
225,226,227,228,229,230,231,232,233,234,235,237,238,239,240,241,242,243,244,245
226,227,228,229,230,231,232,233,234,235,236,237,239,240,241,242,243,244,245,246
227,228,229,230,231,232,233,234,235,236,237,238,239,240,241,242,244,245,246,247
228,229,230,231,232,233,235,236,237,238,239,240,241,242,243,244,245,246,247,248
229,230,231,232,233,234,235,236,237,238,240,241,242,243,244,245,246,247,248,249
230,231,232,233,234,235,236,237,238,239,240,241,243,244,245,246,247,248,249,250
231,232,234,235,236,237,238,239,240,241,242,243,244,245,246,247,248,249,250,251
232,233,234,235,236,237,238,239,241,242,243,244,245,246,247,248,249,250,251,252
233,234,235,237,238,239,240,241,242,243,244,245,246,247,248,249,250,251,252,253
234,236,237,238,239,240,241,242,243,244,245,246,247,248,249,250,251,252,253,254
235,236,237,238,239,240,241,242,243,244,245,246,247,248,249,250,251,252,253,255
236,237,238,239,240,241,242,243,244,245,246,247,248,249,250,251,252,253,254,255
237,238,239,240,241,242,243,244,245,246,247,248,249,250,251,252,253,254,255,256
238,239,240,241,242,243,244,245,246,247,248,249,250,251,252,253,254,255,256,257
239,240,241,242,243,244,245,246,247,248,249,250,251,252,253,254,255,256,257,258
240,241,242,243,244,245,246,247,248,249,250,251,252,253,254,255,256,257,258,259
241,242,243,244,245,246,247,248,249,250,251,252,253,254,255,256,257,258,259,260
242,243,244,245,246,247,248,249,250,251,252,253,254,255,256,257,258,259,260,261
243,244,245,246,247,248,249,250,251,252,253,254,255,256,257,258,260,261,262,263
244,245,246,248,249,250,251,252,253,254,255,256,257,258,259,260,261,262,263,264
245,246,247,248,249,250,252,253,254,255,256,257,258,259,260,261,263,264,265,266
246,247,248,249,250,251,252,254,255,256,257,258,260,261,262,263,264,265,266,267
247,248,249,250,251,252,254,255,256,257,258,259,260,262,263,264,265,266,267,268
248,249,251,252,253,254,256,257,258,259,260,261,262,263,264,265,266,267,268,269
249,250,251,252,253,254,255,256,257,258,259,260,261,262,263,264,267,268,269,270
250,252,253,254,255,256,257,258,259,260,261,262,263,264,265,266,268,269,270,271
251,252,253,255,256,257,258,259,260,261,262,263,264,265,266,267,268,269,271,272
252,253,255,256,257,258,259,260,261,262,263,265,266,267,268,269,270,271,272,273
253,254,255,256,257,258,259,260,261,262,263,264,265,266,267,268,269,270,271,273
254,255,256,257,258,259,260,262,263,264,266,267,268,269,270,271,272,273,274,275
255,256,257,258,260,261,262,264,265,266,267,268,269,270,271,272,273,274,275,276
256,257,258,259,260,261,262,263,264,265,266,267,268,270,271,272,273,274,275,276
257,258,259,261,262,263,264,265,266,267,268,269,270,271,272,273,274,275,276,277
258,259,260,262,263,264,265,266,267,268,269,270,271,272,273,274,276,278,277,279
259,261,262,263,264,265,266,268,269,270,271,272,273,274,275,276,278,277,279,280
260,261,262,263,264,265,266,267,269,270,271,272,273,274,275,276,278,277,279,280
261,262,264,265,266,267,268,269,270,271,272,273,275,276,278,277,279,280,281,282
262,263,264,265,266,267,268,269,270,271,273,274,275,276,278,277,279,280,281,282
263,264,265,266,267,268,269,270,271,272,273,274,275,276,278,279,280,281,282,283
264,266,267,268,269,270,271,272,273,274,275,276,278,277,279,280,281,282,283,284
265,266,267,268,269,270,271,272,273,274,275,276,278,277,279,280,281,283,284,285
266,268,269,270,271,272,273,274,275,276,278,277,279,280,281,282,283,284,285,286
267,268,269,270,271,272,273,274,275,276,278,277,279,280,282,283,284,285,286,287
268,269,270,271,272,273,274,275,276,278,277,279,280,281,283,284,285,286,287,288
269,270,271,272,273,274,275,276,278,277,279,280,281,282,283,284,285,286,287,288
270,271,272,273,274,275,276,278,277,279,280,282,283,284,285,286,287,288,289,290
271,272,273,274,275,276,278,277,279,280,281,282,283,284,285,286,287,288,289,290
272,273,274,275,278,277,279,280,281,282,283,284,285,286,287,288,289,290,291,292
273,274,275,276,277,279,280,281,282,283,284,285,286,287,288,289,290,291,292,293
274,276,278,277,279,280,281,282,283,284,285,286,287,288,289,290,291,292,293,294
275,276,278,277,280,281,282,283,284,285,286,287,288,289,290,291,292,293,294,295
276,278,277,279,280,281,282,284,285,286,287,288,289,290,291,292,293,294,295,296
278,277,279,280,281,282,283,284,285,286,288,289,290,291,292,294,295,296,297,298
277,279,280,281,282,283,284,285,286,287,288,289,291,293,294,295,296,297,298,299
279,280,282,283,284,285,286,287,288,289,290,291,292,293,295,296,297,298,299,300
280,281,282,283,284,285,286,288,290,291,292,293,294,295,296,297,298,299,300,301
281,282,283,284,285,286,287,288,290,291,292,293,294,295,296,297,298,299,300,301
282,283,285,286,287,288,289,290,291,292,293,294,295,296,297,298,299,300,301,302
283,284,285,286,287,288,289,290,291,293,294,295,296,297,299,300,301,302,303,304
284,285,286,288,289,290,291,292,293,295,296,297,298,299,300,301,302,303,305,306
285,286,287,288,289,290,291,292,293,294,295,296,297,298,299,302,303,304,306,307
286,287,288,289,290,291,292,293,294,295,296,297,299,300,302,303,304,305,307,308
287,288,289,290,291,292,293,294,296,297,298,299,300,301,302,304,305,306,307,309
288,289,290,291,294,295,296,297,298,299,300,301,303,304,305,306,307,308,309,310
289,291,292,294,295,296,297,298,299,300,301,302,303,304,305,306,307,308,309,310
290,291,293,294,295,296,297,299,301,302,303,304,305,306,307,308,309,310,311,312
291,292,293,294,297,298,299,300,301,302,303,304,305,306,307,308,309,310,312,313
292,295,296,297,298,299,300,301,302,303,304,305,306,307,308,309,310,311,312,313
293,294,295,296,297,298,301,302,303,304,306,307,308,309,310,311,312,313,314,315
294,295,296,297,298,299,301,302,303,304,306,307,308,309,310,311,312,313,314,315
295,296,297,298,299,300,301,303,304,306,307,308,309,310,312,313,314,315,316,317
296,297,298,299,300,301,303,304,305,307,308,309,310,312,313,314,315,316,317,318
297,298,299,300,301,302,303,305,306,308,309,310,311,312,314,315,316,317,318,319
298,300,301,302,303,304,306,307,308,309,310,311,312,313,314,316,317,318,319,320
299,300,301,302,303,304,305,306,308,309,310,313,314,315,316,317,318,319,320,321
300,301,302,303,304,305,306,307,308,309,310,311,312,313,316,318,319,320,321,322
301,302,303,304,305,306,307,308,309,310,311,312,314,315,317,319,320,321,322,323
302,303,304,305,306,307,308,310,311,313,314,315,317,318,319,320,321,322,323,324
303,304,305,306,307,308,309,310,311,312,313,314,316,317,318,320,321,322,323,325
304,305,306,308,309,310,311,312,313,314,315,316,317,318,319,320,322,323,325,326
305,306,308,309,311,312,313,314,316,317,318,319,320,321,322,323,324,325,326,327
306,308,309,310,311,312,313,314,316,317,319,320,321,322,323,324,325,326,327,328
307,308,309,310,312,313,314,315,317,318,319,320,321,322,323,324,325,326,327,328
308,309,310,311,312,313,314,315,316,317,318,319,320,322,323,324,325,326,327,328
309,310,311,312,313,314,315,316,317,318,319,321,322,323,324,325,326,327,328,329
310,311,312,313,314,315,316,317,318,320,321,322,323,324,325,326,327,328,329,330
311,312,313,314,316,317,318,319,320,321,322,323,324,325,326,327,328,329,330,331
312,313,314,315,316,317,318,319,320,322,323,324,325,326,327,328,329,330,331,332
313,314,315,316,317,318,319,321,322,323,324,325,326,327,328,329,330,331,332,333
314,315,316,317,318,319,320,321,322,323,324,325,326,327,328,329,330,331,332,334
315,316,317,318,319,320,322,323,324,325,326,327,328,329,330,331,332,333,334,335
316,317,318,319,320,321,322,323,324,325,326,327,328,329,330,331,332,333,334,335
317,318,319,320,321,322,323,324,325,326,327,328,329,330,331,333,334,335,336,337
318,319,320,321,322,323,324,325,326,327,328,329,330,332,333,334,335,336,337,338
319,320,321,322,323,324,325,326,327,328,329,330,331,332,333,334,335,336,337,338
320,321,322,323,324,325,326,327,328,329,330,331,332,333,334,335,336,337,338,339
321,322,323,324,325,326,327,328,329,330,331,332,333,334,335,336,337,338,339,340
322,323,324,325,326,327,328,329,330,331,332,333,334,335,336,337,338,339,340,341
323,324,325,326,327,328,329,330,331,332,333,334,335,336,337,338,339,340,341,342
324,325,326,327,328,329,330,331,332,333,334,335,336,337,338,339,340,341,342,343
325,326,327,328,329,330,331,332,333,334,335,336,337,338,339,340,341,342,343,344
326,327,328,329,330,331,332,333,334,335,336,337,338,339,340,341,342,343,344,345
327,328,329,330,331,332,333,334,335,336,337,338,339,340,341,342,343,344,345,346
328,329,330,331,332,333,334,335,336,337,338,339,340,341,342,343,344,345,346,347
329,330,331,332,333,334,336,337,338,339,340,341,342,343,345,346,347,348,349,350
330,331,332,333,334,336,337,338,339,341,342,343,344,345,346,347,348,349,350,351
331,332,333,334,335,336,338,339,340,341,342,343,344,345,346,347,348,349,350,351
332,333,334,335,336,337,338,339,340,341,343,344,345,346,347,348,349,351,352,353
333,334,335,336,337,339,340,341,342,343,344,345,346,348,349,350,351,352,353,354
334,335,336,337,338,339,340,341,342,344,345,346,347,348,349,351,352,353,354,355
335,336,337,339,340,341,342,343,344,345,346,347,348,350,351,352,353,354,355,356
336,338,339,340,341,342,343,344,345,346,347,348,349,350,351,352,353,355,356,357
337,338,339,340,341,342,343,344,345,346,347,348,349,350,351,353,354,355,357,358
338,339,340,341,343,344,346,347,348,349,350,351,352,353,354,355,356,357,358,359
339,340,342,343,344,345,346,347,348,349,350,351,352,353,354,355,356,357,359,360
340,342,343,344,345,346,347,348,349,350,351,352,353,354,355,356,357,358,360,361
341,342,343,345,346,347,348,349,350,351,353,354,355,356,357,358,359,360,361,362
342,343,344,345,346,347,348,349,350,352,353,354,355,356,357,359,360,361,362,363
343,344,345,346,347,348,349,351,352,354,355,356,357,358,359,360,361,362,363,364
344,345,347,348,349,350,351,352,353,354,355,356,357,358,359,360,361,362,363,364
345,347,348,349,350,351,352,353,354,355,356,358,359,360,361,362,363,364,365,366
346,347,348,349,350,351,352,353,355,356,357,358,359,360,361,362,363,364,366,367
347,348,349,350,351,352,353,354,355,356,358,360,361,362,363,364,365,366,367,368
348,349,351,352,353,354,355,356,357,358,359,360,361,362,363,365,366,367,368,369
349,351,352,353,354,355,356,357,358,359,360,361,362,363,364,366,367,368,369,370
350,351,352,353,354,355,356,357,358,359,360,361,362,363,364,365,366,368,370,371
351,352,353,354,355,356,357,358,359,360,361,362,363,364,367,368,369,370,371,372
352,354,355,356,358,359,360,361,362,363,364,365,366,367,368,369,370,371,372,373
353,355,356,357,358,359,360,361,362,363,365,366,367,368,369,370,371,372,373,374
354,355,356,357,358,359,360,361,362,363,364,365,366,367,368,369,370,373,374,375
355,356,357,358,359,360,361,362,363,364,367,368,369,370,371,372,373,374,375,376
356,357,359,360,361,362,363,364,365,367,368,369,370,371,372,373,374,375,376,377
357,358,360,361,362,363,364,365,366,367,368,369,370,371,372,373,374,375,376,377
358,359,360,361,362,364,365,366,367,368,370,371,372,373,374,375,376,377,378,379
359,360,361,362,363,364,365,366,367,368,370,371,372,373,374,375,376,377,378,379
360,361,362,363,364,365,366,367,368,369,370,372,373,374,375,376,377,379,380,381
361,362,363,364,365,366,367,368,369,370,371,372,374,377,378,379,380,381,382,383
362,363,364,365,366,367,369,370,371,372,373,374,375,377,378,379,380,381,383,384
363,364,365,366,367,369,371,372,373,374,375,376,377,378,379,381,382,383,384,385
364,365,367,368,369,370,371,372,373,376,377,378,379,380,381,382,383,384,385,386
365,366,367,369,370,371,372,373,375,376,377,378,379,380,381,382,383,385,386,387
366,367,368,369,371,372,373,374,375,376,377,378,379,380,381,382,383,384,386,387
367,368,369,370,371,373,374,375,376,377,379,380,381,382,383,384,385,386,388,389
368,370,371,372,373,374,375,376,378,379,380,381,382,383,384,385,387,388,389,390
369,370,371,372,373,374,375,376,378,379,380,381,382,383,385,386,387,388,390,391
370,371,372,373,374,375,376,377,378,380,381,382,383,384,385,386,387,388,390,392
371,372,373,374,375,377,378,379,382,383,384,385,386,387,388,389,390,391,392,393
372,373,374,375,376,377,378,379,380,381,382,383,384,385,386,387,388,392,393,394
373,374,375,376,377,378,379,381,382,383,384,385,386,388,389,390,391,392,393,395
374,375,377,378,379,380,381,383,384,385,386,388,389,390,391,392,393,394,395,396
375,376,377,379,380,381,382,384,385,386,388,389,390,391,392,393,394,395,396,397
376,377,378,379,380,381,382,383,387,388,389,390,391,392,393,394,395,396,397,398
377,378,379,380,381,382,383,384,385,386,387,388,389,390,391,392,393,395,396,399
378,379,380,381,382,383,384,385,386,387,388,390,391,392,393,394,395,397,399,400
379,381,382,383,384,385,386,387,388,389,390,391,392,393,395,396,397,398,400,401
380,381,383,384,385,386,387,388,389,390,391,393,394,395,396,397,398,399,401,402
381,383,384,385,386,388,389,390,391,392,393,394,395,396,397,398,399,401,402,403
382,383,384,385,386,387,390,391,392,393,394,395,396,397,398,399,400,401,402,404
383,385,386,387,388,389,390,391,392,393,394,395,396,398,399,400,401,402,403,405
384,385,386,387,389,390,391,392,393,394,396,397,398,399,400,401,402,404,405,406
385,387,388,389,390,391,392,393,394,395,396,397,398,400,401,402,403,404,406,407
386,387,388,389,390,392,393,394,395,396,397,398,399,400,401,403,404,405,407,408
387,388,390,391,392,393,394,395,396,397,398,399,400,401,402,404,405,406,408,409
388,389,390,391,392,393,394,395,396,397,398,399,400,402,403,404,406,408,409,410
389,390,391,392,393,395,396,397,399,400,402,403,404,405,406,407,408,409,410,411
390,391,392,393,394,395,396,398,399,400,401,402,403,405,406,407,408,409,410,411
391,392,393,394,395,396,397,398,399,400,401,402,404,405,406,407,409,410,411,412
392,393,394,395,396,397,398,399,400,401,402,403,404,405,406,407,408,409,411,412
393,394,395,396,397,398,399,400,401,402,403,404,405,406,407,408,409,410,411,413
394,395,396,397,398,399,400,401,402,403,404,406,407,408,409,410,411,412,413,414
395,396,397,398,399,400,401,402,403,405,406,407,408,409,410,411,412,413,414,415
396,397,398,399,400,401,402,403,404,405,406,407,409,410,411,412,413,414,415,416
397,398,399,400,401,402,403,404,405,406,407,408,409,411,412,413,414,415,416,417
398,399,400,401,402,403,404,405,407,408,409,410,411,412,413,414,415,416,417,418
399,400,401,403,404,405,406,407,408,409,410,411,412,413,414,415,416,417,418,419
400,401,402,403,404,405,406,407,409,410,411,412,413,414,415,416,417,418,419,420
401,402,403,405,406,407,408,409,410,411,412,413,414,415,416,417,418,419,420,421
402,403,404,405,406,407,408,409,410,411,412,413,414,416,417,418,419,420,421,422
403,404,405,406,407,408,409,410,411,412,413,414,415,416,417,418,419,420,421,422
404,405,406,407,408,409,410,411,412,413,414,415,416,417,418,419,420,421,422,423
405,406,407,408,409,410,411,412,413,414,415,416,417,418,419,420,421,422,423,424
406,407,408,409,410,411,412,413,414,415,416,417,418,419,420,421,422,423,424,425
407,408,409,410,411,412,413,414,415,416,417,418,419,420,421,422,423,424,425,426
408,409,410,411,412,413,414,415,416,417,418,419,420,421,422,423,424,425,426,427
409,410,411,412,413,414,415,416,417,418,419,420,421,422,423,424,425,426,427,428
410,411,412,413,414,415,416,417,418,419,420,421,422,423,424,425,426,427,428,429
411,412,413,414,415,416,417,418,419,420,421,422,423,424,425,426,427,428,429,430
412,413,414,415,416,417,418,419,420,421,422,423,424,425,426,427,428,429,430,431
413,414,415,416,417,418,419,420,421,422,423,426,427,428,429,430,431,432,433,434
414,415,416,417,418,419,420,421,422,424,425,426,427,428,429,430,431,433,434,435
415,416,417,418,419,420,422,423,424,425,426,428,429,430,431,432,433,434,435,436
416,417,418,419,421,422,423,424,425,426,427,428,429,430,432,433,434,435,436,437
417,418,419,420,421,423,425,426,427,428,429,430,431,432,433,434,435,436,437,438
418,419,420,421,422,423,424,425,426,427,429,431,432,433,434,435,436,437,438,439
419,420,421,422,423,424,425,426,428,429,430,432,433,434,435,436,437,438,439,440
420,421,422,423,425,427,428,429,430,431,432,433,434,435,436,437,438,439,440,441
421,422,423,424,425,426,427,428,429,431,432,433,434,435,436,437,438,439,441,442
422,423,424,425,426,427,428,429,430,431,432,433,434,437,438,439,440,441,442,443
423,424,426,427,428,429,430,431,432,433,434,435,436,437,438,439,440,442,443,444
424,425,426,427,428,430,432,433,434,435,436,437,438,439,440,441,442,443,444,445
425,426,427,428,429,430,431,433,434,435,436,437,438,439,441,442,443,444,445,446
426,427,428,429,430,431,432,433,434,435,436,437,438,439,440,442,443,445,446,447
427,429,430,431,433,434,435,436,437,438,439,440,441,442,443,444,445,446,447,448
428,430,431,432,433,434,435,436,437,438,439,440,441,442,443,444,445,446,447,449
429,430,431,432,433,434,435,436,437,438,439,440,441,442,443,444,445,447,448,450
430,431,432,433,434,435,437,438,439,440,441,442,443,444,445,446,447,448,449,451
431,432,433,434,435,436,437,438,439,440,441,442,443,445,447,448,449,450,451,452
432,433,434,435,436,437,438,439,440,441,442,443,444,445,448,449,450,451,452,453
433,434,435,436,437,438,439,440,441,442,443,444,445,446,447,449,450,451,453,454
434,435,436,437,438,439,441,442,443,444,445,446,447,448,449,450,451,452,453,454
435,436,437,438,439,440,441,442,443,444,445,446,447,448,449,451,452,454,455,456
436,437,438,439,440,441,442,443,444,445,446,447,448,449,450,451,453,454,455,456
437,438,439,440,441,442,443,445,446,447,449,450,451,452,453,454,455,456,457,458
438,439,440,441,442,443,444,445,446,447,448,449,450,451,452,453,454,455,456,458
439,440,441,442,443,444,445,446,448,449,450,451,452,453,454,455,456,457,459,460
440,441,442,444,445,446,447,448,450,451,452,453,454,455,456,457,458,459,460,461
441,442,444,445,446,447,448,449,450,451,453,454,455,456,457,458,459,460,461,462
442,443,444,445,446,447,448,449,450,451,452,453,454,456,457,458,460,461,462,463
443,444,445,447,449,450,451,452,453,454,455,456,457,458,459,460,461,462,463,464
444,445,446,447,448,450,451,452,453,454,456,457,459,460,461,462,463,464,465,466
445,446,447,448,449,450,451,452,455,456,457,458,459,460,461,463,464,465,466,467
446,447,448,449,451,452,453,454,455,456,457,458,460,462,463,464,465,466,467,468
447,448,449,450,451,452,453,455,456,457,458,459,461,462,463,464,466,467,468,469
448,449,450,451,452,453,455,456,458,459,460,461,462,463,464,466,467,468,469,470
449,450,451,452,453,454,455,456,457,458,459,460,463,464,465,466,467,468,469,470
450,451,452,453,454,455,456,457,458,459,460,462,463,464,465,467,468,469,471,472
451,452,453,457,458,459,460,461,462,463,464,465,466,467,468,469,470,471,472,473
452,453,454,455,456,457,458,460,461,462,463,464,465,466,467,469,471,472,473,474
453,454,455,456,457,458,459,460,462,464,465,466,467,468,469,470,472,473,474,475
454,455,456,459,460,462,463,464,465,466,467,468,469,470,471,472,473,474,475,476
455,456,457,458,459,461,462,463,465,466,467,468,469,470,471,473,474,475,476,477
456,458,459,460,461,462,464,465,466,467,469,470,471,472,473,474,475,476,477,478
457,458,459,460,461,462,463,464,465,466,467,468,469,470,471,472,473,474,475,477
458,460,461,462,463,464,465,466,467,468,469,470,471,473,474,475,476,478,479,480
459,460,461,462,464,465,466,467,468,469,471,472,474,475,476,477,478,479,480,481
460,461,462,463,464,465,466,467,468,469,471,472,473,476,477,478,479,480,481,482
461,462,463,464,465,466,467,468,469,470,471,473,474,475,476,477,478,479,480,482
462,463,464,465,466,467,468,469,470,474,475,476,477,478,479,480,481,482,483,484
463,464,466,467,468,469,470,471,472,473,474,475,476,478,479,481,482,483,484,485
464,465,467,468,469,470,471,472,473,474,476,477,478,479,481,482,483,484,485,486
465,466,467,469,470,471,472,473,474,475,477,478,479,480,482,483,484,485,486,487
466,467,468,469,470,471,472,473,474,475,477,478,479,480,481,482,483,485,486,487
467,468,469,470,471,472,473,474,475,477,478,479,481,482,483,484,485,486,487,488
468,470,471,472,474,475,476,477,478,479,480,482,483,484,485,486,487,488,489,490
469,471,472,473,474,475,476,477,478,479,480,481,483,484,485,486,487,488,489,491
470,471,473,474,476,477,479,480,481,482,483,484,485,486,487,488,489,490,491,492
471,472,473,474,475,477,478,479,480,481,482,483,484,485,486,487,488,491,492,493
472,473,474,475,476,477,479,480,481,482,483,485,486,487,489,490,491,492,493,494
473,474,475,476,477,478,479,480,481,483,484,485,486,487,488,490,491,493,494,495
474,475,476,479,480,481,482,483,484,485,486,488,489,490,491,492,493,494,495,496
475,476,477,478,479,480,482,483,484,485,486,487,488,489,491,492,493,494,495,496
476,477,478,479,480,481,482,483,484,486,487,488,489,490,491,492,493,494,495,496
477,478,479,480,481,482,483,484,485,486,487,488,489,490,491,492,493,494,496,497
478,479,481,482,483,484,485,486,487,488,489,490,491,492,493,494,495,496,497,498
479,480,481,482,483,484,485,486,487,488,489,490,491,492,494,495,496,497,498,499
480,481,482,483,484,485,486,487,488,489,490,491,492,493,494,495,496,497,498,500
481,482,483,484,485,486,487,488,489,490,491,492,494,495,496,497,498,499,500,501
482,483,484,485,486,487,488,489,490,491,492,493,494,495,496,497,498,499,501,502
483,485,486,487,488,489,490,491,492,493,494,495,496,497,498,499,500,501,502,503
484,485,486,487,488,489,490,491,492,493,494,495,496,497,498,499,501,502,503,504
485,486,487,488,489,490,491,492,493,494,495,496,497,498,500,501,502,503,504,505
486,487,488,489,490,491,492,493,494,495,496,497,498,499,500,501,503,504,505,506
487,488,489,490,491,492,493,494,495,496,497,498,499,500,501,502,503,504,505,506
488,489,490,491,492,493,494,495,496,497,498,499,500,501,502,503,504,505,506,507
489,490,491,492,493,494,495,496,497,498,499,500,501,502,503,504,505,506,507,508
490,491,492,493,494,495,496,497,498,499,500,501,502,503,504,505,506,507,508,509
491,492,493,494,495,496,497,498,499,500,501,502,503,504,505,506,507,508,509,510
492,493,494,495,496,497,498,499,500,501,502,503,504,505,506,507,508,509,510,511
493,494,495,496,497,498,499,500,501,502,503,504,505,506,507,508,509,510,511,512
494,495,496,497,498,499,500,501,502,503,504,505,506,507,508,509,510,511,512,513
495,496,497,498,499,500,501,502,503,504,505,506,507,508,509,510,511,512,513,514
496,497,498,499,500,501,502,503,504,505,506,507,508,509,510,511,512,513,514,515
497,498,499,500,501,502,503,504,505,506,508,510,511,512,513,514,515,516,517,518
498,500,501,502,503,504,505,506,507,508,509,511,512,513,514,515,516,517,518,519
499,500,502,503,504,505,506,507,508,509,510,511,512,513,514,515,516,517,519,520
500,501,502,503,504,505,506,507,508,510,511,512,513,514,515,516,517,519,520,521
501,502,504,505,506,507,508,509,510,512,513,514,515,516,517,518,519,520,521,522
502,503,504,505,506,507,508,509,510,512,513,514,515,516,517,518,519,521,522,523
503,505,506,507,508,509,510,511,512,513,514,515,516,517,518,520,521,522,523,524
504,505,506,507,508,509,511,512,513,514,515,516,517,518,519,520,521,523,524,525
505,506,507,508,509,510,511,512,513,514,516,517,518,519,520,522,523,524,525,526
506,507,508,509,510,511,512,513,514,515,517,518,519,520,521,522,524,525,526,527
507,508,509,511,512,513,514,515,516,517,519,520,521,522,523,524,525,526,527,528
508,510,511,512,513,514,515,516,517,518,519,520,521,522,523,524,525,527,528,529
509,510,511,512,513,514,515,516,517,518,519,520,521,522,523,524,525,527,528,529
510,511,512,513,514,515,516,517,518,519,520,521,522,523,525,526,527,529,530,531
511,512,513,514,515,516,518,519,520,522,523,524,525,526,527,528,529,530,531,532
512,513,514,515,516,517,518,519,520,521,522,523,524,525,526,528,529,531,532,533
513,514,515,516,517,518,519,520,521,522,523,524,525,526,527,528,529,530,533,534
514,515,518,519,520,521,522,523,524,525,526,527,528,529,530,531,532,533,534,535
515,516,517,518,519,520,522,523,524,525,526,527,528,529,531,532,533,534,535,536
516,517,518,519,520,521,523,524,525,526,527,528,529,530,532,533,534,535,536,537
517,518,519,520,521,522,523,524,526,527,528,529,530,531,532,534,535,536,537,538
518,519,520,521,522,523,524,525,526,528,529,530,531,532,534,535,536,537,538,539
519,520,521,522,523,524,525,526,527,528,530,531,532,533,534,536,537,538,539,540
520,521,522,524,525,526,528,529,530,531,532,533,534,535,536,537,538,539,540,541
521,522,523,525,526,527,528,529,530,531,532,533,534,535,536,537,538,539,540,541
522,523,524,525,526,527,529,531,532,533,534,535,536,537,538,539,540,541,542,543
523,525,526,527,528,529,530,531,532,533,534,535,536,537,538,539,540,541,542,544
524,525,526,527,528,529,530,532,533,534,535,536,537,538,539,540,541,543,544,545
525,526,528,530,531,532,533,534,535,536,537,538,539,540,541,542,543,544,545,546
526,527,528,529,530,531,532,533,534,536,537,538,539,540,541,542,543,545,546,547
527,528,530,531,532,533,534,535,536,537,538,539,540,542,543,544,545,546,547,548
528,529,530,532,533,534,535,536,537,538,539,540,541,542,543,544,546,547,548,549
529,530,533,534,535,536,537,538,540,541,542,543,544,545,546,547,548,549,550,551
530,531,532,533,534,536,537,538,539,540,541,543,544,545,546,547,548,549,551,552
531,532,533,535,536,539,540,541,542,543,544,545,546,547,548,549,550,551,552,553
532,533,535,536,537,538,539,540,541,542,543,544,545,546,548,549,550,551,553,554
533,534,536,538,539,540,541,542,543,544,546,547,548,549,550,551,552,553,554,555
534,535,537,538,539,541,542,543,544,545,546,547,548,549,550,551,552,553,555,556
535,536,538,539,540,541,542,543,544,545,546,547,548,550,551,552,553,555,556,557
536,537,538,541,542,543,544,545,546,547,549,550,551,552,553,554,555,556,557,558
537,538,539,540,541,542,543,544,546,547,548,549,550,551,552,553,554,556,558,559
538,539,540,541,542,543,544,545,546,548,549,550,551,552,554,555,556,557,558,560
539,540,541,542,544,545,546,547,548,549,550,551,552,553,554,555,557,558,559,560
540,541,542,543,544,546,547,548,550,551,552,553,554,555,556,558,559,560,561,562
541,542,543,544,545,546,547,548,550,551,552,553,554,555,556,558,559,560,561,562
542,543,545,548,549,550,551,552,553,554,555,556,557,558,559,560,561,562,563,564
543,544,545,546,547,549,550,551,552,553,554,556,557,559,560,561,562,563,564,565
544,545,546,547,548,549,550,551,553,554,555,556,557,558,559,560,561,562,564,566
545,546,547,548,549,550,551,552,553,554,556,557,558,559,560,562,563,565,566,567
546,547,548,550,551,552,553,554,555,557,558,559,561,562,563,564,565,566,567,568
547,548,549,550,551,552,553,554,555,556,557,558,559,560,561,563,564,566,568,569
548,550,551,552,553,554,555,556,557,558,559,560,562,564,565,566,567,568,569,570
549,551,552,553,554,555,556,557,558,560,562,563,564,565,566,567,568,569,570,571
550,551,552,553,555,556,557,559,560,561,563,564,565,566,567,568,569,570,571,572
551,552,553,554,555,556,557,559,561,562,563,564,565,566,567,568,569,571,572,573
552,553,554,555,557,558,559,560,561,562,563,564,566,567,568,569,570,571,572,573
553,554,555,557,558,560,561,562,563,564,565,566,567,568,569,570,571,573,574,575
554,555,557,558,559,560,561,562,563,564,565,566,567,568,569,570,571,573,575,576
555,556,558,559,560,561,562,563,564,565,566,567,568,569,571,572,574,575,576,577
556,557,558,559,560,561,563,565,566,567,569,570,571,572,573,574,575,576,577,578
557,558,559,560,562,563,564,567,568,569,570,571,572,573,574,575,576,577,578,579
558,560,561,562,563,564,565,567,568,569,570,571,573,574,575,576,577,578,579,580
559,560,561,562,563,564,565,566,567,568,569,571,572,573,574,575,577,578,579,580
560,561,562,563,564,565,566,568,569,570,571,572,573,574,575,576,577,578,579,580
561,562,563,564,565,566,567,568,569,570,571,572,573,574,575,576,577,579,580,581
562,563,565,566,567,568,569,570,571,572,573,574,575,576,577,578,579,580,581,582
563,565,566,567,568,569,570,571,572,573,574,575,576,577,578,579,580,581,582,583
564,565,566,567,568,569,570,571,572,573,574,575,576,577,579,580,581,582,583,584
565,566,567,568,569,570,571,572,573,574,576,577,578,579,580,581,582,583,584,585
566,567,568,569,570,571,573,574,575,576,577,578,579,580,581,582,583,584,585,586
567,568,569,570,571,572,573,574,575,576,577,578,579,580,582,583,584,585,586,587
